Orderan ke: 1
Restaurant: Sushi tei
Driver: Captain america
Your Item:
Name|Price|Quantity|Delivery Fee
Ikan kembung|25|2|925
Ikan laut|20|5|740
Total Price: 1815
Routes:
To store,[[22, 10], [22, 9], [22, 8], [22, 7], [22, 6], [22, 5], [22, 4], [22, 3], [22, 2], [22, 1], [23, 1], [24, 1], [25, 1]]
To user,[[25, 1], [25, 2], [25, 3], [25, 4], [25, 5], [25, 6], [25, 7], [25, 8], [25, 9], [25, 10], [25, 11], [25, 12], [25, 13], [25, 14], [25, 15], [25, 16], [25, 17], [25, 18], [25, 19], [25, 20], [25, 21], [25, 22], [25, 23], [25, 24], [25, 25], [24, 25], [23, 25], [22, 25], [21, 25], [20, 25], [19, 25], [18, 25], [17, 25], [16, 25], [15, 25], [14, 25]]

Orderan ke: 2
Restaurant: Yoshinoya
Driver: Black widow
Your Item:
Name|Price|Quantity|Delivery Fee
Tempura|9|3|117
Yakiniku|13|2|169
Total Price: 339
Routes:
To store,[[22, 10], [22, 9], [22, 8], [22, 7], [22, 6], [22, 5], [22, 4], [22, 3], [22, 2], [22, 1], [23, 1], [24, 1], [25, 1]]
To user,[[25, 1], [25, 2], [25, 3], [25, 4], [25, 5], [25, 6], [25, 7], [25, 8], [25, 9], [25, 10], [25, 11], [25, 12], [25, 13], [25, 14], [25, 15], [25, 16], [25, 17], [25, 18], [25, 19], [25, 20], [25, 21], [25, 22], [25, 23], [25, 24], [25, 25], [24, 25], [23, 25], [22, 25], [21, 25], [20, 25], [19, 25], [18, 25], [17, 25], [16, 25], [15, 25], [14, 25]]

Orderan ke: 3
Restaurant: Mujigae
Driver: Spiderman
Your Item:
Name|Price|Quantity|Delivery Fee
Ramyeon|6|2|210
Topoki|8|5|280
Kimchi|2|3|70
Total Price: 618
Routes:
To store,[[22, 10], [22, 9], [22, 8], [22, 7], [22, 6], [22, 5], [22, 4], [22, 3], [22, 2], [22, 1], [23, 1], [24, 1], [25, 1]]
To user,[[25, 1], [25, 2], [25, 3], [25, 4], [25, 5], [25, 6], [25, 7], [25, 8], [25, 9], [25, 10], [25, 11], [25, 12], [25, 13], [25, 14], [25, 15], [25, 16], [25, 17], [25, 18], [25, 19], [25, 20], [25, 21], [25, 22], [25, 23], [25, 24], [25, 25], [24, 25], [23, 25], [22, 25], [21, 25], [20, 25], [19, 25], [18, 25], [17, 25], [16, 25], [15, 25], [14, 25]]

